%YAML:1.0
nmarkers: 50
markersize: 4
marker_0: "1100001010100101"
marker_1: "1011000100110100"
marker_2: "1100010011110010"
marker_3: "1010100111100101"
marker_4: "1100101101001101"
marker_5: "1101011000101000"
marker_6: "1011100011111110"
marker_7: "0110011001111100"
marker_8: "1101100001011100"
marker_9: "1110101101100010"
marker_10: "1001011110100110"
marker_11: "1001010010010111"
marker_12: "1111010111001110"
marker_13: "1010101010000111"
marker_14: "0001111010110100"
marker_15: "0010011100001110"
marker_16: "1000000110011000"
marker_17: "0000101000101000"
marker_18: "1100110010001110"
marker_19: "1100101100010110"
marker_20: "1110001011010100"
marker_21: "1011010001111101"
marker_22: "0101110001110011"
marker_23: "0010011011100111"
marker_24: "1011101001000000"
marker_25: "0110101010100110"
marker_26: "0101101101010101"
marker_27: "1001110101101101"
marker_28: "0011110010000011"
marker_29: "0101001110110001"
marker_30: "0011101101110100"
marker_31: "1110001000010011"
marker_32: "0110110000001000"
marker_33: "1100001001110110"
marker_34: "0101111001001100"
marker_35: "1101100110101010"
marker_36: "0100101001001010"
marker_37: "0001001101101100"
marker_38: "0010100111011001"
marker_39: "0010011001101001"
marker_40: "0111011010101100"
marker_41: "1011000010101010"
marker_42: "1011000101001101"
marker_43: "1011110110010010"
marker_44: "1100010101100001"
marker_45: "1111010111111011"
marker_46: "1010101111110110"
marker_47: "1101010111101000"
marker_48: "0001010010000100"
marker_49: "1010110001011001"
