%YAML:1.0
nmarkers: 3
markersize: 4
marker_0: "1100001010100101"
marker_1: "1011000100110100"
marker_2: "1100010011110010"